135,313
135,314
135,315
136,303
136,304
136,305
136,306
136,307
136,308
136,309
136,310
136,311
136,312
136,313
136,314
136,315
136,316
136,317
136,318
136,319
136,320
136,321
136,322
137,298
137,299
137,300
137,301
137,302
137,303
137,322
137,323
137,324
137,325
138,293
138,294
138,295
138,296
138,297
138,326
138,327
138,328
138,329
139,290
139,291
139,292
139,329
139,330
139,331
140,287
140,288
140,289
140,333
140,334
141,285
141,286
141,287
141,334
141,335
141,336
142,282
142,283
142,284
142,336
142,337
142,338
143,280
143,281
143,338
143,339
143,340
144,278
144,279
144,280
144,339
144,340
144,341
145,275
145,276
145,277
145,278
145,342
145,343
146,273
146,274
146,344
146,345
147,271
147,272
147,345
147,346
148,268
148,269
148,270
148,346
148,347
148,348
149,266
149,267
149,268
149,348
149,349
150,265
150,266
150,349
150,350
151,262
151,263
151,264
151,351
151,352
152,259
152,260
152,261
152,353
153,257
153,258
153,259
153,354
154,255
154,256
154,257
154,355
154,356
155,215
155,216
155,217
155,252
155,253
155,254
155,356
155,357
156,216
156,217
156,218
156,219
156,249
156,250
156,251
156,358
157,217
157,218
157,219
157,220
157,221
157,222
157,223
157,224
157,244
157,245
157,246
157,247
157,248
157,249
157,359
158,218
158,219
158,222
158,223
158,224
158,225
158,226
158,227
158,228
158,229
158,230
158,231
158,232
158,233
158,234
158,235
158,236
158,237
158,238
158,239
158,240
158,241
158,242
158,243
158,244
158,360
159,219
159,220
159,233
159,234
159,235
159,361
159,362
160,220
160,221
160,362
160,363
161,221
161,222
161,363
161,364
162,223
162,364
162,365
163,224
163,365
163,366
164,225
164,367
165,226
165,368
166,227
166,228
166,368
166,369
167,228
167,229
167,370
168,229
168,230
168,371
169,231
169,371
169,372
170,232
170,233
170,373
171,233
171,234
171,373
171,374
172,235
172,374
172,375
173,236
173,376
174,237
174,238
174,376
174,377
175,239
175,377
175,378
176,240
176,241
176,378
176,379
177,241
177,242
177,379
177,380
178,243
178,380
179,243
179,381
180,382
181,238
181,239
181,240
181,241
181,242
181,383
182,233
182,234
182,235
182,236
182,237
182,383
182,384
183,230
183,231
183,232
183,233
183,384
183,385
184,226
184,227
184,228
184,229
184,230
184,231
184,385
184,386
185,223
185,224
185,225
185,226
185,386
185,387
186,220
186,221
186,222
186,387
187,216
187,217
187,218
187,219
187,220
187,388
188,213
188,214
188,215
188,216
188,219
188,389
189,210
189,211
189,212
189,213
189,389
189,390
190,207
190,208
190,209
190,210
190,390
190,391
191,204
191,205
191,206
191,207
191,391
192,201
192,202
192,203
192,204
192,392
193,199
193,200
193,201
193,392
193,393
194,196
194,197
194,198
194,359
194,360
194,361
194,362
194,363
194,364
194,365
194,366
194,367
194,368
194,369
194,370
194,393
194,394
195,193
195,194
195,195
195,196
195,352
195,353
195,354
195,355
195,356
195,357
195,358
195,359
195,360
195,361
195,362
195,370
195,371
195,372
195,373
195,374
195,375
195,376
195,394
195,395
196,191
196,192
196,193
196,348
196,349
196,350
196,351
196,352
196,353
196,376
196,377
196,378
196,379
196,395
197,189
197,190
197,191
197,344
197,345
197,346
197,347
197,348
197,379
197,380
197,381
197,382
197,396
198,186
198,187
198,188
198,341
198,342
198,343
198,344
198,382
198,383
198,384
198,385
198,396
198,397
199,184
199,185
199,186
199,338
199,339
199,340
199,341
199,385
199,386
199,397
200,182
200,183
200,184
200,336
200,337
200,338
200,387
200,388
200,398
201,179
201,180
201,181
201,332
201,333
201,334
201,335
201,389
201,390
201,399
202,177
202,178
202,179
202,331
202,332
202,333
202,391
202,392
202,399
202,400
203,175
203,176
203,177
203,329
203,330
203,331
203,393
203,394
203,400
204,173
204,174
204,175
204,326
204,327
204,328
204,395
204,396
204,401
205,171
205,172
205,324
205,325
205,326
205,396
205,397
205,402
206,169
206,170
206,171
206,322
206,323
206,324
206,398
206,402
206,403
207,167
207,168
207,319
207,320
207,321
207,399
207,400
207,403
208,165
208,166
208,317
208,318
208,319
208,401
208,402
208,403
208,404
209,163
209,164
209,316
209,317
209,403
209,404
209,405
210,161
210,162
210,313
210,314
210,315
210,404
210,405
211,159
211,160
211,161
211,311
211,312
211,313
211,405
211,406
212,157
212,158
212,308
212,309
212,310
212,406
212,407
213,156
213,157
213,266
213,305
213,306
213,307
213,308
213,407
214,154
214,155
214,267
214,268
214,269
214,302
214,303
214,304
214,305
215,152
215,153
215,264
215,270
215,271
215,272
215,273
215,297
215,298
215,299
215,300
215,301
215,302
216,150
216,151
216,264
216,265
216,273
216,274
216,275
216,276
216,277
216,278
216,293
216,294
216,295
216,296
216,297
216,298
216,299
217,149
217,150
217,265
217,277
217,278
217,279
217,280
217,281
217,282
217,283
217,284
217,285
217,286
217,287
217,288
217,289
217,290
217,291
217,292
217,293
217,294
218,147
218,148
218,266
219,145
219,146
219,267
220,144
220,145
220,268
221,142
221,143
221,269
222,140
222,141
222,142
222,270
223,139
223,140
223,271
224,137
224,138
224,272
225,136
225,273
226,134
226,135
226,274
227,133
227,134
227,275
227,276
228,131
228,132
228,276
228,277
229,130
229,277
229,278
230,128
230,129
230,130
230,279
231,127
231,128
231,278
231,279
231,280
231,281
232,126
232,278
232,279
233,124
233,125
233,274
233,275
233,276
233,277
234,123
234,124
234,271
234,272
234,273
234,274
235,122
235,269
235,270
235,271
236,120
236,121
236,266
236,267
236,268
237,119
237,120
237,262
237,263
237,264
237,265
237,266
238,118
238,259
238,260
238,261
238,262
238,263
239,116
239,117
239,259
239,260
239,261
240,115
240,116
240,255
240,256
240,257
240,258
241,114
241,253
241,254
241,255
242,112
242,113
242,250
242,251
242,252
242,253
243,111
243,112
243,248
243,249
243,250
244,110
244,111
244,245
244,246
244,247
245,109
245,243
245,244
245,245
246,107
246,108
246,113
246,239
246,240
246,241
246,242
247,106
247,107
247,238
247,239
247,240
248,105
248,106
248,236
248,237
249,104
249,232
249,233
249,234
250,103
250,230
250,231
250,232
251,102
251,226
251,227
251,228
251,229
252,100
252,101
252,224
252,225
252,226
252,227
253,99
253,100
253,221
253,222
253,223
253,224
254,98
254,99
254,219
254,220
254,221
254,222
255,97
255,217
255,218
255,219
256,96
256,97
256,215
256,216
256,217
257,95
257,211
257,212
257,213
257,214
258,94
258,210
258,211
259,93
259,207
259,208
259,209
260,92
260,204
260,205
260,206
260,207
261,91
261,201
261,202
261,203
261,204
262,90
262,200
262,201
262,202
263,89
263,197
263,198
263,199
264,87
264,88
264,195
264,196
264,197
265,87
265,193
265,194
266,86
266,190
266,191
266,192
267,84
267,85
267,188
267,189
268,84
268,185
268,186
268,187
269,83
269,182
269,183
269,184
269,185
270,82
270,181
270,182
271,81
272,80
272,179
273,79
273,182
273,183
273,184
273,185
273,186
273,187
273,188
273,189
273,190
273,191
273,192
274,78
274,192
274,193
274,194
274,195
274,196
274,197
274,198
274,199
274,200
274,201
274,202
274,203
274,204
274,205
274,206
274,207
275,77
275,203
275,204
275,205
275,206
275,207
275,208
275,209
275,210
275,211
275,212
275,213
275,214
275,215
275,216
276,76
276,77
276,213
276,214
276,215
276,216
276,217
276,218
276,219
276,220
276,221
276,222
276,223
276,224
277,75
277,224
277,225
277,226
277,227
277,228
277,229
277,230
277,231
278,74
278,230
278,231
278,232
278,233
278,234
278,235
278,236
278,237
279,73
279,74
279,236
279,237
279,238
279,239
279,240
279,241
279,242
280,72
280,73
280,242
280,243
280,244
280,245
280,246
280,247
280,248
281,72
281,247
281,248
281,249
281,250
281,251
281,252
281,253
282,71
282,253
282,254
282,255
282,256
283,70
283,256
283,257
283,258
283,259
283,260
283,261
284,69
284,70
284,260
284,261
284,262
284,263
284,264
284,265
285,68
285,69
285,265
285,266
285,267
285,268
286,67
286,68
286,268
286,269
286,270
286,271
286,272
287,67
287,271
287,272
287,273
287,274
287,275
288,66
288,276
288,277
288,278
289,65
289,279
289,280
289,281
290,64
290,280
290,281
290,282
290,283
290,284
291,63
291,64
291,284
291,285
291,286
292,62
292,63
292,287
292,288
293,62
293,288
293,289
293,290
293,291
294,61
294,292
294,293
294,294
295,60
295,294
295,295
296,59
296,60
296,296
296,297
296,298
297,59
297,298
297,299
297,300
298,58
298,300
298,301
298,302
299,57
299,302
299,303
299,304
300,56
300,57
300,304
300,305
300,306
301,56
301,306
301,307
301,308
302,55
302,309
302,310
303,54
303,308
303,310
303,311
303,312
304,53
304,54
304,312
304,313
304,314
305,53
305,315
305,316
306,52
306,316
306,317
306,318
307,51
307,317
307,318
307,319
307,320
307,321
308,51
308,99
308,100
308,101
308,102
308,320
308,321
308,322
308,323
309,50
309,85
309,86
309,87
309,88
309,89
309,90
309,91
309,92
309,93
309,94
309,95
309,96
309,97
309,98
309,99
309,100
309,101
309,102
309,103
309,104
309,105
309,106
309,107
309,108
309,109
309,110
309,111
309,112
309,113
309,114
309,115
309,324
309,325
310,49
310,50
310,76
310,77
310,78
310,79
310,80
310,81
310,82
310,83
310,84
310,85
310,115
310,116
310,117
310,118
310,119
310,120
310,121
310,122
310,123
310,124
310,325
310,326
310,327
310,328
311,49
311,72
311,73
311,74
311,75
311,76
311,77
311,78
311,123
311,124
311,125
311,126
311,127
311,128
311,328
311,329
311,330
312,48
312,69
312,70
312,71
312,72
312,129
312,130
312,131
312,132
312,331
312,332
313,47
313,48
313,64
313,65
313,66
313,67
313,68
313,133
313,134
313,135
313,136
313,137
313,138
313,333
313,334
313,335
313,336
314,47
314,61
314,62
314,63
314,64
314,138
314,139
314,140
314,141
314,142
314,336
314,337
314,338
314,339
315,46
315,47
315,59
315,60
315,61
315,62
315,142
315,143
315,144
315,339
315,340
315,341
316,46
316,56
316,57
316,58
316,59
316,145
316,146
316,147
316,148
316,149
316,342
316,343
316,344
316,345
317,45
317,54
317,55
317,56
317,149
317,150
317,151
317,152
317,345
317,346
317,347
317,348
317,349
318,44
318,53
318,153
318,154
318,349
318,350
318,351
318,352
319,44
319,50
319,51
319,52
319,155
319,156
319,157
319,158
319,159
319,352
319,353
319,354
319,355
319,356
319,357
320,43
320,48
320,49
320,159
320,160
320,161
320,162
320,356
320,357
320,358
320,359
320,360
320,361
320,362
320,363
321,42
321,43
321,47
321,162
321,163
321,164
321,364
321,365
321,366
321,367
321,368
322,42
322,44
322,45
322,46
322,165
322,166
322,167
322,168
322,169
322,367
323,41
323,42
323,43
323,44
323,169
323,170
323,171
323,172
323,173
323,365
323,366
324,41
324,42
324,173
324,174
324,175
324,176
324,177
324,178
324,364
324,365
325,40
325,41
325,177
325,178
325,179
325,180
325,181
325,182
325,363
325,364
326,39
326,181
326,182
326,183
326,184
326,185
326,186
326,362
326,363
327,186
327,187
327,188
327,189
327,190
327,191
327,192
327,193
327,274
327,361
327,362
328,191
328,192
328,193
328,194
328,195
328,196
328,197
328,198
328,270
328,271
328,272
328,273
328,360
329,197
329,198
329,199
329,200
329,201
329,202
329,203
329,266
329,267
329,268
329,269
329,270
329,276
329,359
330,203
330,204
330,205
330,206
330,207
330,208
330,209
330,210
330,211
330,212
330,213
330,214
330,215
330,216
330,255
330,256
330,257
330,258
330,259
330,260
330,261
330,262
330,263
330,264
330,265
330,357
330,358
331,211
331,212
331,213
331,214
331,215
331,216
331,217
331,218
331,219
331,220
331,221
331,222
331,223
331,224
331,225
331,226
331,227
331,245
331,246
331,247
331,248
331,249
331,250
331,251
331,252
331,253
331,254
331,255
331,256
331,257
331,258
331,259
331,274
331,356
331,357
332,223
332,224
332,225
332,226
332,227
332,228
332,229
332,230
332,231
332,232
332,233
332,234
332,235
332,236
332,237
332,238
332,239
332,240
332,241
332,242
332,243
332,244
332,245
332,246
332,247
332,272
332,273
332,355
332,356
333,271
333,354
333,355
334,269
334,270
334,353
335,268
335,352
336,266
336,267
336,350
336,351
337,264
337,265
337,266
337,349
338,263
338,264
338,347
338,348
339,261
339,262
339,346
339,347
340,259
340,260
340,345
341,257
341,258
341,343
341,344
342,255
342,256
342,257
342,342
343,254
343,255
343,256
343,340
343,341
344,251
344,252
344,253
344,338
344,339
345,249
345,250
345,251
345,337
345,338
346,247
346,248
346,249
346,335
346,336
347,245
347,246
347,247
347,334
347,335
348,243
348,244
348,332
348,333
349,241
349,242
349,243
349,330
349,331
350,238
350,239
350,240
350,328
350,329
350,330
351,235
351,236
351,237
351,238
351,327
351,328
352,232
352,233
352,234
352,235
352,325
352,326
353,230
353,231
353,232
353,323
353,324
354,226
354,227
354,228
354,229
354,230
354,321
354,322
355,223
355,224
355,225
355,226
355,227
355,319
355,320
356,220
356,221
356,222
356,223
356,317
356,318
357,217
357,218
357,219
357,220
357,315
357,316
358,212
358,213
358,214
358,215
358,216
358,313
358,314
359,209
359,210
359,211
359,212
359,213
359,310
359,311
359,312
360,204
360,205
360,206
360,207
360,208
360,209
360,307
360,308
360,309
360,310
361,199
361,200
361,201
361,202
361,203
361,204
361,306
361,307
361,308
362,194
362,195
362,196
362,197
362,198
362,199
362,200
362,304
362,305
362,306
363,187
363,188
363,189
363,190
363,191
363,192
363,193
363,194
363,195
363,302
363,303
364,179
364,180
364,181
364,182
364,183
364,184
364,185
364,186
364,187
364,188
364,299
364,300
364,301
365,170
365,171
365,172
365,173
365,174
365,175
365,176
365,177
365,178
365,179
365,180
365,296
365,297
365,298
366,137
366,138
366,139
366,140
366,141
366,142
366,143
366,144
366,145
366,146
366,147
366,148
366,149
366,150
366,151
366,152
366,153
366,154
366,155
366,156
366,157
366,158
366,159
366,160
366,161
366,162
366,163
366,164
366,165
366,166
366,167
366,168
366,169
366,170
366,171
366,172
366,173
366,293
366,294
366,295
366,296
367,138
367,139
367,145
367,146
367,147
367,148
367,149
367,150
367,291
367,292
367,293
368,139
368,289
368,290
368,291
369,140
369,286
369,287
369,288
370,140
370,141
370,282
370,283
370,284
370,285
371,142
371,281
371,282
372,142
372,143
372,276
372,277
372,278
372,279
372,280
373,143
373,144
373,273
373,274
373,275
373,276
374,144
374,145
374,270
374,271
374,272
375,145
375,146
375,265
375,266
375,267
375,268
375,269
376,146
376,147
376,264
376,265
377,147
377,148
377,263
378,149
378,263
379,150
379,264
380,151
380,265
381,152
381,266
382,153
382,154
382,267
383,154
383,267
383,268
384,155
384,156
384,268
384,269
385,156
385,157
385,270
386,158
386,271
387,159
387,272
387,273
388,160
388,161
388,273
388,274
389,161
389,162
389,274
389,275
389,411
390,163
390,276
390,409
390,410
391,164
391,277
391,407
391,408
391,409
392,165
392,166
392,278
392,279
392,405
392,406
392,407
392,408
393,167
393,280
393,403
393,404
393,405
393,407
393,408
394,168
394,169
394,281
394,282
394,400
394,401
394,402
394,406
394,407
395,169
395,170
395,283
395,396
395,397
395,398
395,399
395,406
396,171
396,284
396,285
396,391
396,392
396,393
396,394
396,395
396,396
396,397
396,405
397,173
397,286
397,287
397,389
397,390
397,391
397,404
398,174
398,175
398,287
398,288
398,387
398,388
398,389
398,403
398,404
399,176
399,177
399,288
399,289
399,290
399,384
399,385
399,386
399,403
400,178
400,179
400,290
400,291
400,292
400,382
400,383
400,384
400,402
401,179
401,180
401,293
401,294
401,380
401,381
401,401
402,181
402,182
402,295
402,296
402,297
402,377
402,378
402,379
402,400
402,401
403,183
403,184
403,297
403,298
403,299
403,374
403,375
403,376
403,399
403,400
404,185
404,299
404,300
404,301
404,371
404,372
404,373
404,374
404,399
405,186
405,187
405,188
405,301
405,302
405,303
405,304
405,368
405,369
405,370
405,371
405,398
406,189
406,190
406,304
406,305
406,306
406,307
406,365
406,366
406,367
406,368
406,397
407,191
407,192
407,307
407,308
407,309
407,310
407,361
407,362
407,363
407,364
407,365
407,396
407,397
408,193
408,194
408,310
408,311
408,312
408,313
408,357
408,358
408,359
408,360
408,361
408,396
409,195
409,196
409,197
409,313
409,314
409,315
409,316
409,317
409,353
409,354
409,355
409,356
409,357
409,395
410,197
410,198
410,199
410,316
410,317
410,318
410,319
410,320
410,321
410,322
410,323
410,346
410,347
410,348
410,349
410,350
410,351
410,352
410,353
410,354
410,394
411,200
411,201
411,202
411,323
411,324
411,325
411,326
411,327
411,328
411,329
411,330
411,331
411,332
411,333
411,334
411,335
411,336
411,337
411,338
411,339
411,340
411,341
411,342
411,343
411,344
411,345
411,346
411,347
411,393
412,202
412,203
412,204
412,332
412,333
412,334
412,335
412,336
412,337
412,392
412,393
413,205
413,206
413,207
413,208
413,391
413,392
414,207
414,208
414,209
414,390
414,391
415,210
415,211
415,212
415,389
415,390
416,213
416,214
416,215
416,216
416,389
417,216
417,217
417,218
417,219
417,388
418,219
418,220
418,221
418,387
419,222
419,223
419,224
419,225
419,386
420,225
420,226
420,227
420,228
420,385
420,386
421,228
421,229
421,230
421,384
421,385
422,231
422,232
422,233
422,234
422,383
422,384
423,234
423,235
423,236
423,237
423,382
423,383
424,237
424,238
424,381
424,382
425,239
425,380
425,381
426,239
426,379
426,380
427,238
427,378
427,379
428,236
428,237
428,238
428,377
428,378
429,235
429,236
429,376
429,377
430,234
430,376
431,232
431,233
431,374
431,375
432,231
432,373
432,374
433,229
433,230
433,372
433,373
434,228
434,229
434,371
434,372
435,227
435,228
435,370
435,371
436,226
436,369
436,370
437,224
437,225
437,368
438,223
438,224
438,367
439,222
439,223
439,366
440,221
440,364
440,365
441,220
441,233
441,234
441,235
441,363
441,364
442,219
442,223
442,224
442,225
442,226
442,227
442,228
442,229
442,230
442,231
442,232
442,233
442,234
442,235
442,236
442,237
442,238
442,239
442,240
442,241
442,242
442,243
442,244
442,245
442,362
442,363
443,218
443,220
443,221
443,222
443,223
443,224
443,244
443,245
443,246
443,247
443,248
443,361
444,217
444,218
444,219
444,249
444,250
444,251
444,360
445,216
445,217
445,252
445,253
445,254
445,358
445,359
446,255
446,256
446,257
446,357
446,358
447,257
447,258
447,355
447,356
448,259
448,260
448,261
448,262
448,354
448,355
449,262
449,263
449,264
449,353
449,354
450,265
450,266
450,352
451,266
451,267
451,268
451,350
451,351
452,268
452,269
452,270
452,348
452,349
453,271
453,272
453,347
454,273
454,274
454,345
454,346
455,275
455,276
455,277
455,343
455,344
456,277
456,278
456,279
456,280
456,342
456,343
457,280
457,281
457,282
457,340
457,341
458,282
458,283
458,284
458,337
458,338
458,339
459,285
459,286
459,287
459,335
459,336
459,337
460,287
460,288
460,289
460,290
460,333
460,334
461,290
461,291
461,292
461,331
461,332
462,293
462,294
462,295
462,296
462,297
462,298
462,326
462,327
462,328
462,329
462,330
463,298
463,299
463,300
463,301
463,302
463,303
463,323
463,324
463,325
463,326
464,303
464,304
464,305
464,306
464,307
464,308
464,309
464,310
464,311
464,312
464,313
464,314
464,315
464,316
464,317
464,318
464,319
464,320
464,321
464,322
465,312
465,313
465,314
465,315
