110,209
110,210
110,211
110,238
110,239
110,240
111,201
111,202
111,203
111,204
111,205
111,206
111,207
111,208
111,209
111,210
111,238
111,239
111,240
111,241
111,242
111,243
111,244
111,245
111,246
111,247
111,248
111,249
112,193
112,194
112,195
112,196
112,197
112,198
112,199
112,200
112,249
112,250
112,251
112,252
112,253
112,254
112,255
112,256
113,187
113,188
113,189
113,190
113,191
113,192
113,193
113,255
113,256
113,257
113,258
113,259
113,260
113,261
113,262
114,184
114,185
114,186
114,187
114,262
114,263
114,264
114,265
115,178
115,179
115,180
115,181
115,182
115,183
115,266
115,267
115,268
115,269
115,270
116,174
116,175
116,176
116,177
116,178
116,179
116,271
116,272
116,273
116,274
116,275
117,172
117,173
117,276
117,277
118,168
118,169
118,170
118,171
118,278
118,279
118,280
118,281
119,165
119,166
119,167
119,168
119,281
119,282
119,283
119,284
120,162
120,163
120,164
120,285
120,286
120,287
121,159
121,160
121,161
121,288
121,289
121,290
122,157
122,158
122,159
122,290
122,291
122,292
123,154
123,155
123,294
123,295
124,151
124,152
124,153
124,296
124,297
124,298
125,149
125,150
125,151
125,298
125,299
125,300
126,147
126,148
126,301
126,302
127,145
127,146
127,303
127,304
128,143
128,144
128,305
128,306
129,140
129,141
129,142
129,307
129,308
129,309
130,138
130,139
130,140
130,309
130,310
130,311
131,137
131,138
131,311
131,312
132,135
132,136
132,313
132,314
133,133
133,134
133,209
133,210
133,211
133,238
133,239
133,240
133,241
133,242
133,315
133,316
134,131
134,132
134,199
134,200
134,201
134,202
134,203
134,204
134,205
134,206
134,207
134,208
134,209
134,240
134,241
134,242
134,243
134,244
134,245
134,246
134,247
134,248
134,249
134,250
134,317
134,318
135,129
135,130
135,195
135,196
135,197
135,198
135,199
135,200
135,213
135,236
135,249
135,250
135,251
135,252
135,253
135,254
135,255
135,318
135,319
135,320
136,128
136,189
136,190
136,191
136,192
136,193
136,194
136,213
136,236
136,255
136,256
136,257
136,258
136,259
136,260
136,320
136,321
137,126
137,127
137,185
137,186
137,187
137,188
137,189
137,190
137,213
137,236
137,259
137,260
137,261
137,262
137,263
137,264
137,322
137,323
138,124
138,125
138,126
138,181
138,182
138,183
138,184
138,213
138,236
138,265
138,266
138,267
138,268
138,324
138,325
139,123
139,177
139,178
139,179
139,180
139,181
139,213
139,236
139,268
139,269
139,270
139,271
139,272
139,326
140,121
140,122
140,174
140,175
140,176
140,177
140,213
140,236
140,272
140,273
140,274
140,275
140,327
140,328
141,120
141,121
141,171
141,172
141,173
141,174
141,213
141,236
141,275
141,276
141,277
141,329
142,118
142,119
142,120
142,168
142,169
142,170
142,171
142,213
142,236
142,278
142,279
142,280
142,281
142,330
142,331
143,117
143,166
143,167
143,168
143,213
143,236
143,281
143,282
143,283
143,332
144,115
144,116
144,164
144,165
144,213
144,236
144,284
144,285
144,333
144,334
145,114
145,115
145,161
145,162
145,163
145,213
145,236
145,286
145,287
145,288
145,334
145,335
146,113
146,160
146,213
146,236
146,289
146,336
147,111
147,112
147,159
147,160
147,213
147,236
147,289
147,337
147,338
148,110
148,111
148,159
148,160
148,213
148,236
148,289
148,290
148,338
148,339
149,109
149,159
149,160
149,213
149,236
149,289
149,290
149,340
150,107
150,108
150,159
150,160
150,213
150,236
150,289
150,290
150,341
150,342
151,106
151,107
151,159
151,160
151,213
151,236
151,289
151,290
151,342
151,343
152,105
152,159
152,160
152,213
152,236
152,289
152,290
152,344
153,104
153,159
153,160
153,213
153,236
153,289
153,290
153,345
154,102
154,103
154,159
154,160
154,213
154,236
154,289
154,290
154,346
154,347
155,101
155,102
155,159
155,160
155,213
155,236
155,289
155,290
155,347
155,348
156,100
156,101
156,159
156,160
156,213
156,236
156,289
156,290
156,348
156,349
157,99
157,100
157,159
157,160
157,213
157,236
157,289
157,290
157,349
157,350
158,98
158,159
158,160
158,213
158,236
158,289
158,290
158,350
158,351
159,97
159,135
159,159
159,160
159,213
159,236
159,289
159,290
159,314
159,315
159,352
160,96
160,133
160,137
160,159
160,160
160,213
160,236
160,289
160,290
160,316
160,353
161,95
161,132
161,137
161,159
161,160
161,213
161,236
161,289
161,290
161,312
161,317
161,354
162,94
162,130
162,131
162,137
162,159
162,160
162,213
162,236
162,289
162,290
162,312
162,318
162,319
162,355
163,92
163,93
163,129
163,137
163,159
163,160
163,213
163,236
163,289
163,290
163,312
163,320
163,356
163,357
164,91
164,92
164,127
164,128
164,137
164,159
164,160
164,213
164,236
164,289
164,290
164,312
164,321
164,322
164,357
164,358
165,90
165,91
165,126
165,127
165,137
165,159
165,160
165,213
165,236
165,289
165,290
165,312
165,322
165,323
165,358
165,359
166,89
166,90
166,124
166,125
166,137
166,159
166,160
166,213
166,236
166,289
166,290
166,312
166,324
166,325
166,359
166,360
167,88
167,89
167,123
167,124
167,137
167,159
167,160
167,213
167,236
167,289
167,290
167,312
167,325
167,326
167,360
167,361
168,88
168,122
168,123
168,137
168,159
168,160
168,213
168,236
168,289
168,290
168,312
168,326
168,327
168,361
169,87
169,121
169,137
169,159
169,160
169,213
169,236
169,289
169,290
169,312
169,328
169,329
169,362
170,86
170,119
170,120
170,137
170,159
170,160
170,213
170,236
170,289
170,290
170,312
170,329
170,363
171,85
171,118
171,119
171,137
171,159
171,160
171,213
171,236
171,289
171,290
171,312
171,330
171,331
171,364
172,84
172,117
172,137
172,159
172,160
172,213
172,236
172,289
172,290
172,312
172,332
172,365
173,83
173,116
173,137
173,159
173,160
173,213
173,236
173,289
173,290
173,312
173,333
173,366
174,82
174,115
174,137
174,159
174,160
174,213
174,236
174,289
174,290
174,312
174,334
174,366
174,367
175,81
175,82
175,114
175,137
175,159
175,160
175,213
175,236
175,289
175,290
175,312
175,335
175,367
175,368
176,80
176,81
176,112
176,113
176,137
176,159
176,160
176,213
176,236
176,289
176,290
176,312
176,336
176,337
176,368
176,369
177,79
177,80
177,111
177,112
177,137
177,159
177,160
177,213
177,236
177,289
177,290
177,312
177,337
177,338
177,369
177,370
178,79
178,110
178,111
178,137
178,159
178,160
178,213
178,236
178,289
178,290
178,312
178,338
178,339
178,370
179,78
179,109
179,110
179,137
179,159
179,160
179,213
179,236
179,289
179,290
179,312
179,339
179,340
179,371
180,77
180,108
180,109
180,137
180,159
180,160
180,213
180,236
180,289
180,290
180,312
180,340
180,341
180,372
181,76
181,77
181,107
181,137
181,159
181,160
181,213
181,236
181,289
181,290
181,312
181,342
181,372
181,373
182,75
182,76
182,106
182,107
182,137
182,159
182,160
182,213
182,236
182,289
182,290
182,312
182,342
182,343
182,373
182,374
183,75
183,105
183,106
183,137
183,159
183,160
183,213
183,236
183,289
183,290
183,312
183,343
183,344
183,374
184,74
184,104
184,105
184,137
184,159
184,160
184,213
184,236
184,289
184,290
184,312
184,344
184,345
184,375
185,73
185,74
185,103
185,104
185,137
185,159
185,160
185,213
185,236
185,289
185,290
185,312
185,345
185,346
185,375
185,376
186,72
186,73
186,102
186,103
186,137
186,159
186,160
186,209
186,210
186,211
186,238
186,239
186,240
186,289
186,290
186,312
186,346
186,347
186,376
186,377
187,71
187,72
187,101
187,102
187,137
187,159
187,160
187,197
187,198
187,199
187,200
187,201
187,202
187,203
187,204
187,205
187,206
187,207
187,208
187,209
187,210
187,211
187,238
187,239
187,240
187,241
187,242
187,243
187,244
187,245
187,246
187,247
187,248
187,249
187,250
187,251
187,252
187,289
187,290
187,312
187,347
187,348
187,377
188,71
188,101
188,137
188,159
188,160
188,188
188,189
188,190
188,191
188,192
188,193
188,194
188,195
188,196
188,197
188,252
188,253
188,254
188,255
188,256
188,257
188,258
188,259
188,260
188,261
188,289
188,290
188,312
188,348
188,378
189,70
189,100
189,137
189,159
189,160
189,179
189,180
189,181
189,182
189,183
189,184
189,185
189,186
189,187
189,188
189,261
189,262
189,263
189,264
189,265
189,266
189,267
189,268
189,269
189,270
189,289
189,290
189,312
189,349
189,378
189,379
190,69
190,99
190,137
190,159
190,160
190,173
190,174
190,175
190,176
190,177
190,178
190,179
190,180
190,269
190,270
190,271
190,272
190,273
190,274
190,275
190,276
190,289
190,290
190,312
190,350
190,379
190,380
191,69
191,98
191,137
191,159
191,160
191,169
191,170
191,171
191,172
191,277
191,278
191,279
191,280
191,281
191,290
191,312
191,351
191,380
192,68
192,97
192,137
192,163
192,164
192,165
192,166
192,167
192,168
192,281
192,282
192,283
192,284
192,285
192,286
192,312
192,352
192,381
193,67
193,68
193,96
193,97
193,137
193,161
193,162
193,163
193,286
193,287
193,312
193,352
193,353
193,381
193,382
194,67
194,95
194,96
194,137
194,312
194,353
194,354
194,382
195,66
195,95
195,137
195,312
195,354
195,383
196,65
196,66
196,94
196,137
196,312
196,355
196,383
196,384
197,65
197,93
197,137
197,312
197,356
197,384
198,64
198,92
198,93
198,137
198,312
198,356
198,357
198,385
199,63
199,64
199,91
199,92
199,136
199,313
199,314
199,357
199,358
199,385
199,386
200,63
200,91
200,133
200,134
200,314
200,315
200,316
200,358
200,386
201,62
201,63
201,90
201,130
201,131
201,132
201,133
201,317
201,318
201,319
201,359
201,386
201,387
202,61
202,62
202,89
202,90
202,127
202,128
202,129
202,319
202,320
202,321
202,322
202,359
202,360
202,387
202,388
203,61
203,89
203,124
203,125
203,126
203,323
203,324
203,325
203,360
203,361
203,388
204,60
204,61
204,88
204,122
204,123
204,124
204,326
204,327
204,361
204,388
204,389
205,60
205,87
205,119
205,120
205,121
205,122
205,327
205,328
205,329
205,330
205,362
205,389
206,59
206,60
206,86
206,87
206,117
206,118
206,331
206,332
206,362
206,363
206,389
206,390
207,59
207,86
207,114
207,115
207,116
207,333
207,334
207,335
207,363
207,390
208,58
208,85
208,112
208,113
208,336
208,337
208,364
208,391
209,58
209,84
209,85
209,110
209,111
209,112
209,202
209,203
209,204
209,205
209,206
209,207
209,208
209,209
209,210
209,211
209,238
209,239
209,240
209,241
209,242
209,243
209,244
209,245
209,246
209,247
209,338
209,339
209,364
209,365
209,391
210,57
210,84
210,107
210,108
210,109
210,194
210,195
210,196
210,197
210,198
210,199
210,200
210,201
210,202
210,203
210,204
210,205
210,206
210,207
210,208
210,209
210,240
210,241
210,242
210,243
210,244
210,245
210,246
210,247
210,248
210,249
210,250
210,251
210,252
210,253
210,254
210,255
210,339
210,340
210,341
210,342
210,365
210,392
211,57
211,83
211,106
211,107
211,186
211,187
211,188
211,189
211,190
211,191
211,192
211,193
211,194
211,213
211,236
211,255
211,256
211,257
211,258
211,259
211,260
211,261
211,262
211,263
211,342
211,343
211,366
211,392
212,56
212,83
212,103
212,104
212,105
212,177
212,178
212,179
212,180
212,181
212,182
212,183
212,184
212,185
212,186
212,213
212,236
212,263
212,264
212,265
212,266
212,267
212,268
212,269
212,270
212,271
212,272
212,344
212,345
212,346
212,366
212,393
213,55
213,56
213,82
213,101
213,102
213,172
213,173
213,174
213,175
213,176
213,177
213,178
213,179
213,213
213,236
213,270
213,271
213,272
213,273
213,274
213,275
213,276
213,346
213,347
213,348
213,367
213,393
213,394
214,55
214,81
214,82
214,100
214,168
214,169
214,170
214,171
214,213
214,236
214,277
214,278
214,279
214,280
214,281
214,349
214,367
214,368
214,394
215,54
215,55
215,81
215,98
215,99
215,162
215,163
215,164
215,165
215,166
215,167
215,168
215,213
215,236
215,281
215,282
215,283
215,284
215,285
215,286
215,287
215,350
215,351
215,368
215,394
215,395
216,54
216,80
216,96
216,97
216,162
216,163
216,213
216,236
216,286
216,287
216,288
216,352
216,353
216,369
216,395
217,54
217,79
217,80
217,94
217,95
217,160
217,213
217,236
217,289
217,354
217,355
217,369
217,370
217,395
218,53
218,79
218,92
218,93
218,94
218,159
218,160
218,213
218,236
218,289
218,290
218,356
218,357
218,370
218,396
219,53
219,78
219,79
219,91
219,92
219,159
219,160
219,213
219,236
219,289
219,290
219,357
219,358
219,370
219,371
219,396
220,52
220,78
220,89
220,90
220,159
220,160
220,213
220,236
220,289
220,290
220,359
220,360
220,361
220,371
220,397
221,52
221,77
221,87
221,88
221,159
221,160
221,213
221,236
221,289
221,290
221,361
221,362
221,372
221,397
222,51
222,77
222,86
222,159
222,160
222,213
222,236
222,289
222,290
222,363
222,372
222,398
223,51
223,76
223,77
223,84
223,85
223,135
223,159
223,160
223,213
223,236
223,289
223,290
223,314
223,364
223,365
223,373
223,398
224,50
224,76
224,82
224,83
224,132
224,133
224,159
224,160
224,213
224,236
224,289
224,290
224,316
224,317
224,365
224,366
224,367
224,373
224,398
224,399
225,50
225,75
225,76
225,81
225,82
225,129
225,130
225,131
225,137
225,159
225,160
225,213
225,236
225,289
225,290
225,312
225,318
225,319
225,320
225,367
225,368
225,373
225,374
225,399
226,49
226,50
226,75
226,80
226,126
226,127
226,128
226,129
226,137
226,159
226,160
226,213
226,236
226,289
226,290
226,312
226,320
226,321
226,322
226,323
226,369
226,374
226,399
227,49
227,74
227,78
227,79
227,124
227,125
227,126
227,137
227,159
227,160
227,213
227,236
227,289
227,290
227,312
227,323
227,324
227,325
227,370
227,371
227,375
227,400
228,49
228,74
228,77
228,121
228,122
228,123
228,124
228,137
228,159
228,160
228,213
228,236
228,289
228,290
228,312
228,325
228,326
228,327
228,372
228,375
228,400
229,48
229,76
229,119
229,120
229,121
229,137
229,159
229,160
229,213
229,236
229,289
229,290
229,312
229,328
229,329
229,330
229,373
229,401
230,48
230,117
230,118
230,137
230,159
230,160
230,213
230,236
230,289
230,290
230,312
230,331
230,332
230,401
231,47
231,48
231,115
231,116
231,117
231,137
231,159
231,160
231,213
231,236
231,289
231,290
231,312
231,332
231,333
231,334
231,401
231,402
232,47
232,113
232,114
232,115
232,137
232,159
232,160
232,213
232,236
232,289
232,290
232,312
232,334
232,335
232,402
233,47
233,111
233,112
233,137
233,159
233,160
233,213
233,236
233,289
233,290
233,312
233,337
233,338
233,402
234,46
234,47
234,109
234,110
234,137
234,159
234,160
234,213
234,236
234,289
234,290
234,312
234,339
234,340
234,402
234,403
235,46
235,108
235,137
235,159
235,160
235,213
235,236
235,289
235,290
235,312
235,341
235,403
236,46
236,105
236,106
236,107
236,137
236,159
236,160
236,213
236,236
236,289
236,290
236,312
236,343
236,344
236,403
237,45
237,46
237,104
237,105
237,137
237,159
237,160
237,213
237,236
237,289
237,290
237,312
237,344
237,345
237,404
238,45
238,102
238,103
238,137
238,159
238,160
238,213
238,236
238,289
238,290
238,312
238,346
238,347
238,404
239,45
239,101
239,137
239,159
239,160
239,213
239,236
239,289
239,290
239,312
239,348
239,404
240,44
240,99
240,100
240,137
240,159
240,160
240,213
240,236
240,289
240,290
240,312
240,349
240,350
240,405
241,44
241,97
241,98
241,137
241,159
241,160
241,213
241,236
241,289
241,290
241,312
241,351
241,352
241,405
242,44
242,95
242,96
242,137
242,159
242,160
242,213
242,236
242,289
242,290
242,312
242,353
242,405
243,43
243,44
243,94
243,95
243,137
243,159
243,160
243,213
243,236
243,289
243,290
243,312
243,354
243,355
243,405
243,406
244,43
244,93
244,137
244,159
244,160
244,213
244,236
244,289
244,290
244,312
244,356
244,406
245,43
245,92
245,137
245,159
245,160
245,213
245,236
245,289
245,290
245,312
245,357
245,406
246,43
246,90
246,91
246,137
246,159
246,160
246,213
246,236
246,289
246,290
246,312
246,358
246,359
246,406
247,42
247,89
247,137
247,159
247,160
247,213
247,236
247,289
247,290
247,312
247,360
247,407
248,42
248,87
248,88
248,137
248,159
248,160
248,213
248,236
248,289
248,290
248,312
248,361
248,362
248,407
249,41
249,86
249,87
249,137
249,159
249,160
249,213
249,236
249,289
249,290
249,312
249,362
249,363
249,408
250,41
250,85
250,137
250,159
250,160
250,213
250,236
250,289
250,290
250,312
250,364
250,408
251,41
251,84
251,137
251,159
251,160
251,213
251,236
251,289
251,290
251,312
251,365
251,408
252,41
252,82
252,83
252,137
252,159
252,160
252,213
252,236
252,289
252,290
252,312
252,366
252,367
252,408
253,41
253,81
253,82
253,137
253,159
253,160
253,213
253,236
253,289
253,290
253,312
253,367
253,368
253,408
254,40
254,41
254,80
254,81
254,137
254,159
254,160
254,213
254,236
254,289
254,290
254,312
254,368
254,369
254,408
254,409
255,40
255,79
255,80
255,137
255,159
255,160
255,213
255,236
255,289
255,290
255,312
255,369
255,370
255,409
256,40
256,78
256,79
256,137
256,159
256,160
256,213
256,236
256,289
256,290
256,312
256,370
256,371
256,409
257,40
257,77
257,137
257,159
257,160
257,213
257,236
257,289
257,290
257,312
257,372
257,409
258,39
258,40
258,76
258,77
258,137
258,159
258,160
258,213
258,236
258,289
258,290
258,312
258,372
258,373
258,409
259,39
259,75
259,76
259,137
259,159
259,160
259,213
259,236
259,289
259,290
259,312
259,373
259,374
259,410
260,39
260,74
260,75
260,137
260,159
260,160
260,213
260,236
260,289
260,290
260,312
260,374
260,375
260,410
261,39
261,73
261,74
261,137
261,159
261,160
261,213
261,236
261,289
261,290
261,312
261,375
261,410
262,38
262,39
262,73
262,137
262,159
262,160
262,213
262,236
262,289
262,290
262,312
262,376
262,410
262,411
263,38
263,72
263,137
263,159
263,160
263,213
263,236
263,289
263,290
263,312
263,377
263,411
264,38
264,71
264,137
264,159
264,160
264,213
264,236
264,289
264,290
264,312
264,378
264,411
265,38
265,70
265,71
265,137
265,159
265,160
265,213
265,236
265,289
265,290
265,312
265,378
265,379
265,411
266,38
266,70
266,137
266,159
266,160
266,213
266,236
266,289
266,290
266,312
266,379
266,411
267,38
267,69
267,137
267,159
267,160
267,213
267,236
267,289
267,290
267,312
267,380
267,411
268,37
268,38
268,68
268,137
268,159
268,160
268,213
268,236
268,289
268,290
268,312
268,381
268,411
269,37
269,38
269,67
269,68
269,137
269,159
269,160
269,213
269,236
269,289
269,290
269,312
269,381
269,382
269,412
270,37
270,67
270,137
270,159
270,160
270,213
270,236
270,289
270,290
270,312
270,382
270,412
271,37
271,66
271,137
271,159
271,160
271,213
271,236
271,289
271,290
271,312
271,383
271,412
272,37
272,66
272,137
272,159
272,160
272,213
272,236
272,289
272,290
272,312
272,383
272,412
273,37
273,65
273,137
273,159
273,160
273,213
273,236
273,289
273,290
273,312
273,384
273,412
274,37
274,64
274,65
274,137
274,159
274,160
274,213
274,236
274,289
274,290
274,312
274,384
274,385
274,412
275,36
275,37
275,64
275,137
275,159
275,160
275,213
275,236
275,289
275,290
275,312
275,385
275,412
276,36
276,63
276,64
276,137
276,159
276,160
276,213
276,236
276,289
276,290
276,312
276,385
276,386
276,413
277,36
277,63
277,137
277,159
277,160
277,213
277,236
277,289
277,290
277,312
277,386
277,413
278,36
278,62
278,63
278,137
278,159
278,160
278,213
278,236
278,289
278,290
278,312
278,386
278,387
278,413
279,36
279,62
279,137
279,159
279,160
279,213
279,236
279,289
279,290
279,312
279,387
279,413
280,36
280,61
280,62
280,137
280,159
280,160
280,213
280,236
280,289
280,290
280,312
280,387
280,388
280,413
281,36
281,61
281,137
281,159
281,160
281,213
281,236
281,289
281,290
281,312
281,388
281,413
282,36
282,61
282,137
282,159
282,160
282,213
282,236
282,289
282,290
282,312
282,388
282,413
283,35
283,36
283,60
283,137
283,159
283,160
283,213
283,236
283,289
283,290
283,312
283,389
283,413
284,35
284,60
284,137
284,159
284,160
284,213
284,236
284,289
284,290
284,312
284,389
284,413
284,414
285,35
285,36
285,60
285,137
285,159
285,160
285,213
285,236
285,289
285,290
285,312
285,389
285,413
285,414
286,35
286,36
286,59
286,60
286,137
286,159
286,160
286,213
286,236
286,289
286,290
286,312
286,389
286,390
286,413
286,414
287,137
287,213
287,236
287,390
287,414
288,61
288,62
288,63
288,64
288,65
288,66
288,67
288,68
288,69
288,70
288,71
288,72
288,73
288,74
288,75
288,76
288,77
288,78
288,79
288,80
288,81
288,82
288,83
288,84
288,85
288,86
288,87
288,88
288,89
288,90
288,91
288,92
288,93
288,94
288,95
288,96
288,97
288,98
288,99
288,100
288,101
288,102
288,103
288,104
288,105
288,106
288,107
288,108
288,109
288,110
288,111
288,112
288,113
288,114
288,115
288,116
288,117
288,118
288,119
288,120
288,121
288,122
288,123
288,124
288,125
288,126
288,127
288,128
288,129
288,130
288,131
288,132
288,133
288,134
288,135
288,161
288,162
288,163
288,164
288,165
288,166
288,167
288,168
288,169
288,170
288,171
288,172
288,173
288,174
288,175
288,176
288,177
288,178
288,179
288,180
288,181
288,182
288,183
288,184
288,185
288,186
288,187
288,188
288,189
288,190
288,191
288,192
288,193
288,194
288,195
288,196
288,197
288,198
288,199
288,200
288,201
288,202
288,203
288,204
288,205
288,206
288,207
288,208
288,209
288,210
288,211
288,238
288,239
288,240
288,241
288,242
288,243
288,244
288,245
288,246
288,247
288,248
288,249
288,250
288,251
288,252
288,253
288,254
288,255
288,256
288,257
288,258
288,259
288,260
288,261
288,262
288,263
288,264
288,265
288,266
288,267
288,268
288,269
288,270
288,271
288,272
288,273
288,274
288,275
288,276
288,277
288,278
288,279
288,280
288,281
288,282
288,283
288,284
288,285
288,286
288,287
288,314
288,315
288,316
288,317
288,318
288,319
288,320
288,321
288,322
288,323
288,324
288,325
288,326
288,327
288,328
288,329
288,330
288,331
288,332
288,333
288,334
288,335
288,336
288,337
288,338
288,339
288,340
288,341
288,342
288,343
288,344
288,345
288,346
288,347
288,348
288,349
288,350
288,351
288,352
288,353
288,354
288,355
288,356
288,357
288,358
288,359
288,360
288,361
288,362
288,363
288,364
288,365
288,366
288,367
288,368
288,369
288,370
288,371
288,372
288,373
288,374
288,375
288,376
288,377
288,378
288,379
288,380
288,381
288,382
288,383
288,384
288,385
288,386
288,387
288,388
311,61
311,62
311,63
311,64
311,65
311,66
311,67
311,68
311,69
311,70
311,71
311,72
311,73
311,74
311,75
311,76
311,77
311,78
311,79
311,80
311,81
311,82
311,83
311,84
311,85
311,86
311,87
311,88
311,89
311,90
311,91
311,92
311,93
311,94
311,95
311,96
311,97
311,98
311,99
311,100
311,101
311,102
311,103
311,104
311,105
311,106
311,107
311,108
311,109
311,110
311,111
311,112
311,113
311,114
311,115
311,116
311,117
311,118
311,119
311,120
311,121
311,122
311,123
311,124
311,125
311,126
311,127
311,128
311,129
311,130
311,131
311,132
311,133
311,134
311,135
311,161
311,162
311,163
311,164
311,165
311,166
311,167
311,168
311,169
311,170
311,171
311,172
311,173
311,174
311,175
311,176
311,177
311,178
311,179
311,180
311,181
311,182
311,183
311,184
311,185
311,186
311,187
311,188
311,189
311,190
311,191
311,192
311,193
311,194
311,195
311,196
311,197
311,198
311,199
311,200
311,201
311,202
311,203
311,204
311,205
311,206
311,207
311,208
311,209
311,210
311,211
311,212
311,237
311,238
311,239
311,240
311,241
311,242
311,243
311,244
311,245
311,246
311,247
311,248
311,249
311,250
311,251
311,252
311,253
311,254
311,255
311,256
311,257
311,258
311,259
311,260
311,261
311,262
311,263
311,264
311,265
311,266
311,267
311,268
311,269
311,270
311,271
311,272
311,273
311,274
311,275
311,276
311,277
311,278
311,279
311,280
311,281
311,282
311,283
311,284
311,285
311,286
311,287
311,288
311,314
311,315
311,316
311,317
311,318
311,319
311,320
311,321
311,322
311,323
311,324
311,325
311,326
311,327
311,328
311,329
311,330
311,331
311,332
311,333
311,334
311,335
311,336
311,337
311,338
311,339
311,340
311,341
311,342
311,343
311,344
311,345
311,346
311,347
311,348
311,349
311,350
311,351
311,352
311,353
311,354
311,355
311,356
311,357
311,358
311,359
311,360
311,361
311,362
311,363
311,364
311,365
311,366
311,367
311,368
311,369
311,370
311,371
311,372
311,373
311,374
311,375
311,376
311,377
311,378
311,379
311,380
311,381
311,382
311,383
311,384
311,385
311,386
311,387
311,388
312,59
312,137
312,213
312,236
312,390
312,414
313,35
313,59
313,60
313,137
313,159
313,160
313,213
313,236
313,289
313,290
313,312
313,389
313,390
313,413
313,414
314,35
314,60
314,137
314,159
314,160
314,213
314,236
314,289
314,290
314,312
314,389
314,413
314,414
315,35
315,36
315,60
315,137
315,159
315,160
315,213
315,236
315,289
315,290
315,312
315,389
315,413
315,414
316,35
316,36
316,60
316,137
316,159
316,160
316,213
316,236
316,289
316,290
316,312
316,389
316,413
317,36
317,61
317,137
317,159
317,160
317,213
317,236
317,289
317,290
317,312
317,388
317,413
318,36
318,61
318,137
318,159
318,160
318,213
318,236
318,289
318,290
318,312
318,388
318,413
319,36
319,61
319,62
319,137
319,159
319,160
319,213
319,236
319,289
319,290
319,312
319,387
319,388
319,413
320,36
320,62
320,137
320,159
320,160
320,213
320,236
320,289
320,290
320,312
320,387
320,413
321,36
321,62
321,63
321,137
321,159
321,160
321,213
321,236
321,289
321,290
321,312
321,386
321,387
321,413
322,36
322,63
322,137
322,159
322,160
322,213
322,236
322,289
322,290
322,312
322,386
322,413
323,36
323,63
323,64
323,137
323,159
323,160
323,213
323,236
323,289
323,290
323,312
323,385
323,386
323,413
324,36
324,37
324,64
324,137
324,159
324,160
324,213
324,236
324,289
324,290
324,312
324,385
324,412
325,37
325,64
325,65
325,137
325,159
325,160
325,213
325,236
325,289
325,290
325,312
325,384
325,385
325,412
326,37
326,65
326,137
326,159
326,160
326,213
326,236
326,289
326,290
326,312
326,384
326,412
327,37
327,66
327,137
327,159
327,160
327,213
327,236
327,289
327,290
327,312
327,383
327,412
328,37
328,66
328,137
328,159
328,160
328,213
328,236
328,289
328,290
328,312
328,383
328,412
329,37
329,67
329,137
329,159
329,160
329,213
329,236
329,289
329,290
329,312
329,382
329,412
330,37
330,38
330,67
330,68
330,137
330,159
330,160
330,213
330,236
330,289
330,290
330,312
330,381
330,382
330,411
330,412
331,37
331,38
331,68
331,137
331,159
331,160
331,213
331,236
331,289
331,290
331,312
331,381
331,411
331,412
332,38
332,69
332,137
332,159
332,160
332,213
332,236
332,289
332,290
332,312
332,380
332,411
333,38
333,70
333,137
333,159
333,160
333,213
333,236
333,289
333,290
333,312
333,379
333,411
334,38
334,70
334,71
334,137
334,159
334,160
334,213
334,236
334,289
334,290
334,312
334,378
334,379
334,411
335,38
335,71
335,137
335,159
335,160
335,213
335,236
335,289
335,290
335,312
335,378
335,411
336,38
336,72
336,137
336,159
336,160
336,213
336,236
336,289
336,290
336,312
336,377
336,411
337,38
337,39
337,73
337,137
337,159
337,160
337,213
337,236
337,289
337,290
337,312
337,376
337,410
337,411
338,39
338,74
338,137
338,159
338,160
338,213
338,236
338,289
338,290
338,312
338,375
338,376
338,410
339,39
339,74
339,75
339,137
339,159
339,160
339,213
339,236
339,289
339,290
339,312
339,374
339,375
339,410
340,39
340,75
340,76
340,137
340,159
340,160
340,213
340,236
340,289
340,290
340,312
340,373
340,374
340,410
341,39
341,40
341,76
341,77
341,137
341,159
341,160
341,213
341,236
341,289
341,290
341,312
341,372
341,373
341,409
342,40
342,77
342,137
342,159
342,160
342,213
342,236
342,289
342,290
342,312
342,371
342,372
342,409
343,40
343,78
343,79
343,137
343,159
343,160
343,213
343,236
343,289
343,290
343,312
343,370
343,371
343,409
344,40
344,79
344,80
344,137
344,159
344,160
344,213
344,236
344,289
344,290
344,312
344,369
344,370
344,409
345,40
345,41
345,80
345,81
345,137
345,159
345,160
345,213
345,236
345,289
345,290
345,312
345,368
345,369
345,408
345,409
346,41
346,81
346,82
346,137
346,159
346,160
346,213
346,236
346,289
346,290
346,312
346,367
346,408
347,41
347,83
347,137
347,159
347,160
347,213
347,236
347,289
347,290
347,312
347,366
347,408
348,41
348,84
348,137
348,159
348,160
348,213
348,236
348,289
348,290
348,312
348,365
348,408
349,41
349,85
349,137
349,159
349,160
349,213
349,236
349,289
349,290
349,312
349,364
349,408
350,41
350,86
350,87
350,137
350,159
350,160
350,213
350,236
350,289
350,290
350,312
350,362
350,363
350,408
351,42
351,87
351,88
351,137
351,159
351,160
351,213
351,236
351,289
351,290
351,312
351,361
351,362
351,407
352,42
352,89
352,137
352,159
352,160
352,213
352,236
352,289
352,290
352,312
352,360
352,407
353,43
353,90
353,91
353,137
353,159
353,160
353,213
353,236
353,289
353,290
353,312
353,358
353,359
353,406
354,43
354,92
354,137
354,159
354,160
354,213
354,236
354,289
354,290
354,312
354,357
354,406
355,43
355,93
355,137
355,159
355,160
355,213
355,236
355,289
355,290
355,312
355,356
355,406
356,43
356,44
356,94
356,95
356,137
356,159
356,160
356,213
356,236
356,289
356,290
356,312
356,354
356,355
356,405
356,406
357,44
357,95
357,96
357,137
357,159
357,160
357,213
357,236
357,289
357,290
357,312
357,353
357,354
357,405
358,44
358,97
358,98
358,137
358,159
358,160
358,213
358,236
358,289
358,290
358,312
358,351
358,405
359,44
359,99
359,100
359,137
359,159
359,160
359,213
359,236
359,289
359,290
359,312
359,349
359,350
359,405
360,45
360,101
360,137
360,159
360,160
360,213
360,236
360,289
360,290
360,312
360,348
360,404
361,45
361,103
361,137
361,159
361,160
361,213
361,236
361,289
361,290
361,312
361,346
361,347
361,404
362,45
362,104
362,105
362,137
362,159
362,160
362,213
362,236
362,289
362,290
362,312
362,344
362,345
362,404
363,46
363,105
363,106
363,137
363,159
363,160
363,213
363,236
363,289
363,290
363,312
363,343
363,403
364,46
364,107
364,108
364,137
364,159
364,160
364,213
364,236
364,289
364,290
364,312
364,341
364,403
365,46
365,47
365,109
365,110
365,137
365,159
365,160
365,213
365,236
365,289
365,290
365,312
365,339
365,340
365,402
365,403
366,47
366,111
366,112
366,137
366,159
366,160
366,213
366,236
366,289
366,290
366,312
366,337
366,338
366,402
367,47
367,113
367,114
367,115
367,137
367,159
367,160
367,213
367,236
367,289
367,290
367,312
367,334
367,335
367,336
367,402
368,47
368,115
368,116
368,117
368,137
368,159
368,160
368,213
368,236
368,289
368,290
368,312
368,332
368,333
368,334
368,401
369,48
369,117
369,118
369,137
369,159
369,160
369,213
369,236
369,289
369,290
369,312
369,331
369,332
369,401
370,48
370,76
370,119
370,120
370,121
370,137
370,159
370,160
370,213
370,236
370,289
370,290
370,312
370,328
370,329
370,373
370,401
371,49
371,77
371,78
371,122
371,123
371,124
371,137
371,159
371,160
371,213
371,236
371,289
371,290
371,312
371,325
371,326
371,327
371,371
371,372
371,375
371,400
372,49
372,74
372,78
372,79
372,124
372,125
372,126
372,137
372,159
372,160
372,213
372,236
372,289
372,290
372,312
372,323
372,324
372,325
372,370
372,371
372,375
372,400
373,49
373,50
373,75
373,80
373,126
373,127
373,128
373,129
373,137
373,159
373,160
373,213
373,236
373,289
373,290
373,312
373,320
373,321
373,322
373,323
373,369
373,374
373,399
374,50
374,75
374,76
374,81
374,82
374,129
374,130
374,131
374,137
374,159
374,160
374,213
374,236
374,289
374,290
374,312
374,318
374,319
374,320
374,367
374,368
374,373
374,374
374,399
375,50
375,76
375,82
375,83
375,132
375,133
375,159
375,160
375,213
375,236
375,289
375,290
375,316
375,317
375,366
375,373
375,399
376,51
376,76
376,77
376,84
376,85
376,134
376,135
376,159
376,160
376,213
376,236
376,289
376,290
376,314
376,315
376,364
376,365
376,372
376,373
376,398
377,51
377,77
377,86
377,87
377,159
377,160
377,213
377,236
377,289
377,290
377,362
377,363
377,372
377,398
378,52
378,77
378,87
378,88
378,159
378,160
378,213
378,236
378,289
378,290
378,361
378,362
378,372
378,397
379,52
379,78
379,88
379,89
379,90
379,91
379,159
379,160
379,213
379,236
379,289
379,290
379,359
379,360
379,371
379,397
380,53
380,78
380,79
380,91
380,92
380,159
380,160
380,213
380,236
380,289
380,290
380,357
380,358
380,370
380,371
380,396
381,53
381,79
381,92
381,93
381,159
381,160
381,213
381,236
381,289
381,290
381,356
381,357
381,370
381,396
382,54
382,79
382,80
382,94
382,95
382,160
382,213
382,236
382,289
382,354
382,355
382,369
382,370
382,395
383,54
383,80
383,96
383,97
383,161
383,162
383,163
383,213
383,236
383,286
383,287
383,288
383,352
383,353
383,369
383,395
384,54
384,55
384,81
384,98
384,99
384,162
384,163
384,164
384,165
384,166
384,167
384,168
384,213
384,236
384,281
384,282
384,283
384,284
384,285
384,286
384,287
384,350
384,351
384,368
384,394
384,395
385,55
385,81
385,82
385,100
385,169
385,170
385,171
385,172
385,213
385,236
385,277
385,278
385,279
385,280
385,281
385,349
385,367
385,368
385,394
386,55
386,56
386,82
386,101
386,102
386,103
386,172
386,173
386,174
386,175
386,176
386,177
386,178
386,179
386,213
386,236
386,270
386,271
386,272
386,273
386,274
386,275
386,276
386,346
386,347
386,348
386,367
386,393
386,394
387,56
387,83
387,103
387,104
387,105
387,177
387,178
387,179
387,180
387,181
387,182
387,183
387,184
387,185
387,186
387,187
387,213
387,236
387,263
387,264
387,265
387,266
387,267
387,268
387,269
387,270
387,271
387,344
387,345
387,346
387,366
387,393
388,57
388,83
388,105
388,106
388,107
388,186
388,187
388,188
388,189
388,190
388,191
388,192
388,193
388,194
388,213
388,236
388,255
388,256
388,257
388,258
388,259
388,260
388,261
388,262
388,263
388,343
388,366
388,392
389,57
389,84
389,107
389,108
389,109
389,193
389,194
389,195
389,196
389,197
389,198
389,199
389,200
389,201
389,202
389,203
389,204
389,205
389,206
389,207
389,208
389,209
389,240
389,241
389,242
389,243
389,244
389,245
389,246
389,247
389,248
389,249
389,250
389,251
389,252
389,253
389,254
389,255
389,256
389,340
389,341
389,342
389,365
389,392
390,58
390,84
390,85
390,110
390,111
390,112
390,203
390,204
390,205
390,206
390,207
390,208
390,209
390,210
390,211
390,238
390,239
390,240
390,241
390,242
390,243
390,244
390,246
390,338
390,339
390,364
390,365
390,391
391,58
391,85
391,112
391,113
391,336
391,337
391,364
391,391
392,59
392,86
392,114
392,115
392,116
392,333
392,334
392,335
392,363
392,390
393,59
393,86
393,87
393,116
393,117
393,118
393,331
393,332
393,333
393,362
393,363
393,390
394,60
394,87
394,119
394,120
394,121
394,329
394,330
394,362
394,389
395,60
395,61
395,88
395,122
395,123
395,124
395,326
395,327
395,361
395,388
395,389
396,61
396,89
396,124
396,125
396,126
396,323
396,324
396,325
396,360
396,361
396,388
397,61
397,62
397,89
397,90
397,127
397,128
397,129
397,130
397,319
397,320
397,321
397,322
397,359
397,360
397,387
397,388
398,62
398,63
398,90
398,130
398,131
398,132
398,317
398,318
398,319
398,359
398,386
398,387
399,63
399,91
399,133
399,134
399,135
399,314
399,315
399,316
399,317
399,358
399,359
399,386
400,63
400,64
400,92
400,135
400,136
400,313
400,314
400,357
400,358
400,385
400,386
401,64
401,92
401,93
401,137
401,312
401,356
401,357
401,385
402,65
402,93
402,137
402,312
402,356
402,384
403,65
403,66
403,94
403,137
403,312
403,355
403,383
403,384
404,66
404,95
404,137
404,312
404,354
404,383
405,67
405,95
405,96
405,137
405,312
405,353
405,382
406,67
406,68
406,96
406,97
406,137
406,161
406,162
406,163
406,285
406,286
406,287
406,288
406,312
406,352
406,353
406,381
406,382
407,68
407,97
407,137
407,163
407,164
407,165
407,166
407,167
407,168
407,282
407,283
407,284
407,285
407,286
407,312
407,352
407,381
408,69
408,98
408,137
408,159
408,160
408,168
408,169
408,170
408,171
408,172
408,277
408,278
408,279
408,280
408,281
408,289
408,290
408,312
408,351
408,380
409,69
409,70
409,99
409,137
409,159
409,160
409,173
409,174
409,175
409,176
409,177
409,178
409,179
409,180
409,181
409,269
409,270
409,271
409,272
409,273
409,274
409,275
409,276
409,289
409,290
409,312
409,350
409,379
409,380
410,70
410,99
410,100
410,137
410,159
410,160
410,179
410,180
410,181
410,182
410,183
410,184
410,185
410,186
410,187
410,188
410,261
410,262
410,263
410,264
410,265
410,266
410,267
410,268
410,269
410,270
410,289
410,290
410,312
410,349
410,379
411,71
411,100
411,101
411,137
411,159
411,160
411,187
411,188
411,189
411,190
411,191
411,192
411,193
411,194
411,195
411,196
411,197
411,198
411,252
411,253
411,254
411,255
411,256
411,257
411,258
411,259
411,260
411,261
411,289
411,290
411,312
411,348
411,349
411,378
412,72
412,101
412,102
412,137
412,159
412,160
412,197
412,198
412,199
412,200
412,201
412,202
412,203
412,204
412,205
412,206
412,207
412,208
412,209
412,210
412,238
412,239
412,240
412,241
412,242
412,243
412,244
412,245
412,246
412,247
412,248
412,249
412,250
412,251
412,252
412,289
412,290
412,312
412,347
412,377
413,72
413,73
413,102
413,103
413,137
413,159
413,160
413,209
413,210
413,211
413,238
413,239
413,240
413,289
413,290
413,312
413,346
413,347
413,376
413,377
414,73
414,103
414,104
414,137
414,159
414,160
414,213
414,236
414,289
414,290
414,312
414,345
414,346
414,375
414,376
415,74
415,104
415,105
415,137
415,159
415,160
415,213
415,236
415,289
415,290
415,312
415,344
415,345
415,375
416,75
416,105
416,106
416,137
416,159
416,160
416,213
416,236
416,289
416,290
416,312
416,343
416,344
416,374
417,75
417,76
417,106
417,107
417,137
417,159
417,160
417,213
417,236
417,289
417,290
417,312
417,342
417,343
417,373
417,374
418,76
418,77
418,107
418,137
418,159
418,160
418,213
418,236
418,289
418,290
418,312
418,342
418,372
418,373
419,77
419,108
419,109
419,137
419,159
419,160
419,213
419,236
419,289
419,290
419,312
419,340
419,341
419,372
420,78
420,109
420,110
420,137
420,159
420,160
420,213
420,236
420,289
420,290
420,312
420,339
420,340
420,371
421,79
421,110
421,111
421,137
421,159
421,160
421,213
421,236
421,289
421,290
421,312
421,338
421,339
421,370
422,79
422,80
422,111
422,112
422,137
422,159
422,160
422,213
422,236
422,289
422,290
422,312
422,337
422,338
422,369
422,370
423,80
423,81
423,112
423,113
423,137
423,159
423,160
423,213
423,236
423,289
423,290
423,312
423,336
423,337
423,369
424,81
424,82
424,114
424,137
424,159
424,160
424,213
424,236
424,289
424,290
424,312
424,335
424,367
424,368
425,82
425,83
425,115
425,137
425,159
425,160
425,213
425,236
425,289
425,290
425,312
425,334
425,366
425,367
426,83
426,116
426,137
426,159
426,160
426,213
426,236
426,289
426,290
426,312
426,333
426,334
426,366
427,84
427,117
427,137
427,159
427,160
427,213
427,236
427,289
427,290
427,312
427,332
427,365
428,85
428,118
428,119
428,137
428,159
428,160
428,213
428,236
428,289
428,290
428,312
428,330
428,331
428,364
429,86
429,120
429,137
429,159
429,160
429,213
429,236
429,289
429,290
429,312
429,329
429,363
430,87
430,121
430,137
430,159
430,160
430,213
430,236
430,289
430,290
430,312
430,328
430,362
431,88
431,122
431,123
431,137
431,159
431,160
431,213
431,236
431,289
431,290
431,312
431,326
431,327
431,361
432,88
432,89
432,123
432,124
432,137
432,159
432,160
432,213
432,236
432,289
432,290
432,312
432,325
432,326
432,360
432,361
433,89
433,90
433,124
433,125
433,137
433,159
433,160
433,213
433,236
433,289
433,290
433,312
433,324
433,325
433,359
433,360
434,90
434,91
434,126
434,127
434,137
434,159
434,160
434,213
434,236
434,289
434,290
434,312
434,323
434,358
434,359
435,91
435,92
435,127
435,128
435,137
435,159
435,160
435,213
435,236
435,289
435,290
435,312
435,321
435,322
435,357
435,358
436,92
436,93
436,129
436,137
436,159
436,160
436,213
436,236
436,289
436,290
436,312
436,320
436,356
436,357
437,94
437,130
437,131
437,137
437,159
437,160
437,213
437,236
437,289
437,290
437,312
437,318
437,319
437,355
438,95
438,132
438,137
438,159
438,160
438,213
438,236
438,289
438,290
438,312
438,317
438,354
439,96
439,133
439,137
439,159
439,160
439,213
439,236
439,289
439,290
439,312
439,316
439,353
440,97
440,135
440,159
440,160
440,213
440,236
440,289
440,290
440,314
440,352
441,98
441,99
441,159
441,160
441,213
441,236
441,289
441,290
441,351
442,99
442,100
442,159
442,160
442,213
442,236
442,289
442,290
442,349
442,350
443,100
443,101
443,159
443,160
443,213
443,236
443,289
443,290
443,349
444,101
444,102
444,159
444,160
444,213
444,236
444,289
444,290
444,347
444,348
445,102
445,103
445,159
445,160
445,213
445,236
445,289
445,290
445,346
445,347
446,104
446,159
446,160
446,213
446,236
446,289
446,290
446,345
447,105
447,106
447,159
447,160
447,213
447,236
447,289
447,290
447,343
447,344
448,106
448,107
448,159
448,160
448,213
448,236
448,289
448,290
448,342
448,343
449,107
449,108
449,159
449,160
449,213
449,236
449,289
449,290
449,341
449,342
450,109
450,159
450,160
450,213
450,236
450,289
450,290
450,340
451,110
451,111
451,159
451,160
451,213
451,236
451,289
451,290
451,338
451,339
452,111
452,112
452,159
452,160
452,213
452,236
452,289
452,290
452,337
452,338
453,113
453,160
453,213
453,236
453,289
453,336
454,114
454,115
454,161
454,162
454,163
454,213
454,236
454,286
454,287
454,334
454,335
455,115
455,116
455,164
455,165
455,213
455,236
455,284
455,285
455,333
455,334
456,117
456,166
456,167
456,168
456,213
456,236
456,281
456,282
456,283
456,331
456,332
457,118
457,119
457,168
457,169
457,170
457,171
457,213
457,236
457,278
457,279
457,280
457,281
457,329
457,330
457,331
458,120
458,121
458,172
458,173
458,174
458,213
458,236
458,275
458,276
458,277
458,328
458,329
459,121
459,122
459,174
459,175
459,176
459,177
459,178
459,213
459,236
459,272
459,273
459,274
459,327
459,328
460,123
460,124
460,177
460,178
460,179
460,180
460,181
460,213
460,236
460,268
460,269
460,270
460,271
460,272
460,325
460,326
461,124
461,125
461,126
461,182
461,183
461,184
461,213
461,236
461,265
461,266
461,267
461,323
461,324
461,325
462,126
462,127
462,185
462,186
462,187
462,188
462,189
462,190
462,213
462,236
462,259
462,260
462,261
462,262
462,263
462,264
462,265
462,322
462,323
463,128
463,189
463,190
463,191
463,192
463,193
463,194
463,213
463,236
463,255
463,256
463,257
463,258
463,259
463,260
463,321
464,129
464,130
464,193
464,194
464,195
464,196
464,197
464,198
464,199
464,200
464,213
464,236
464,249
464,250
464,251
464,252
464,253
464,254
464,319
464,320
465,131
465,132
465,199
465,200
465,201
465,202
465,203
465,204
465,205
465,206
465,207
465,208
465,209
465,240
465,241
465,242
465,243
465,244
465,245
465,246
465,247
465,248
465,249
465,250
465,317
465,318
466,133
466,134
466,208
466,209
466,210
466,211
466,238
466,239
466,240
466,241
466,242
466,315
466,316
467,135
467,136
467,313
467,314
468,137
468,138
468,311
468,312
469,138
469,139
469,140
469,309
469,310
469,311
470,141
470,142
470,307
470,308
470,309
471,143
471,144
471,305
471,306
472,145
472,146
472,303
472,304
473,147
473,148
473,300
473,301
473,302
474,149
474,150
474,151
474,298
474,299
474,300
475,152
475,153
475,296
475,297
476,154
476,155
476,294
476,295
477,157
477,158
477,159
477,290
477,291
477,292
478,159
478,160
478,161
478,288
478,289
478,290
479,162
479,163
479,164
479,285
479,286
479,287
480,165
480,166
480,167
480,168
480,281
480,282
480,283
480,284
481,168
481,169
481,170
481,171
481,278
481,279
481,280
481,281
482,172
482,173
482,276
482,277
483,175
483,176
483,177
483,178
483,179
483,270
483,271
483,272
483,273
483,274
483,275
484,179
484,180
484,181
484,182
484,183
484,266
484,267
484,268
484,269
484,270
484,271
485,184
485,185
485,186
485,187
485,262
485,263
485,264
485,265
486,187
486,188
486,189
486,190
486,191
486,192
486,193
486,255
486,256
486,257
486,258
486,259
486,260
486,261
486,262
487,194
487,195
487,196
487,197
487,198
487,199
487,200
487,249
487,250
487,251
487,252
487,253
487,254
487,255
487,256
488,201
488,202
488,203
488,204
488,205
488,206
488,207
488,208
488,209
488,210
488,211
488,238
488,239
488,240
488,241
488,242
488,243
488,244
488,245
488,246
488,247
488,248
489,209
489,210
489,211
489,238
489,239
489,240
